36
0 4 24 19 9 9
-23 9 3 5 32 36 14 17 34 25 2
-75 2 3 6
-79 5 19 35 24 27 25
-8 2 31 9
72 7 27 29 7 10 11 9 30
51 5 8 2 22 32 4
-85 5 22 21 10 36 19
-81 9 9 32 31 6 6 3 26 4 9
-55 5 18 8 34 12 29
60 5 31 7 30 14 22
97 1 22
3 2 4 10
2 7 21 30 13 27 12 2 30
-92 9 20 34 22 17 25 31 18 23 25
27 1 18
92 6 32 26 32 10 29 6
84 2 26 35
17 6 10 14 10 26 9 29
23 4 25 11 4 23
21 0
-65 5 25 15 33 1 4
-52 6 13 14 34 12 19 12
100 9 2 18 24 27 26 32 29 35 36
62 0
-16 5 26 12 18 31 6
2 4 25 23 4 17
-21 3 29 34 29
-44 9 30 29 15 36 18 26 28 33 6
4 5 7 4 4 34 1
52 9 31 8 8 33 11 4 12 8 32
74 1 8
-79 0
-15 7 24 34 1 15 30 22 4
66 9 7 27 26 7 21 9 18 28 32
0 7 19 35 26 26 11 31 5

-1
